           p0 p1 p2 p3 p4 p5 p6 p7 p8 p9 p10 p11 p12 p13
Time: 0  - 1  0  0  0  1  0  1  0  0  0  0  0  0  0 
Time: 1  - 0  1  1  0  1  0  1  0  0  0  0  0  0  0 
Time: 2  - 0  0  0  1  1  0  1  0  0  0  0  0  0  0 
Time: 3  - 0  0  0  0  0  0  1  1  0  0  0  0  0  0 
Time: 4  - 0  0  0  0  0  0  0  0  0  0  0  0  0  0 
Time: 5  - 0  0  0  0  0  1  0  0  0  0  0  0  0  0 
Time: 6  - 0  0  0  0  0  1  0  0  0  1  0  0  0  0 
Time: 7  - 0  0  0  0  0  1  0  0  0  0  0  0  0  0 
Time: 8  - 0  0  0  0  0  1  0  0  0  0  0  0  0  0 
Time: 9  - 0  0  0  0  0  1  0  0  0  0  0  0  0  0 
Time: 10  - 0  0  0  0  1  1  1  0  0  0  0  1  0  0 
Time: 11  - 0  0  0  0  1  0  0  0  1  0  0  1  0  0 
Time: 12  - 0  0  0  0  0  0  0  0  0  0  0  1  0  0 
Time: 13  - 0  0  0  0  0  0  0  0  0  0  1  1  0  0 
Time: 14  - 0  0  0  0  0  0  0  0  0  0  0  1  0  0 
Time: 15  - 0  0  0  0  1  0  1  0  0  0  0  1  1  0 
Time: 16  - 0  0  0  0  1  0  1  0  0  0  0  0  0  1 
Time: 17  - 0  0  0  0  1  0  1  0  0  0  0  0  0  0 
Time: 18  - 0  0  0  0  1  0  1  0  0  0  0  0  0  0 
